13458
13479
13485
13492
13522
13523
13528
13530
13539
13554
13558
13572
13573
13587
13604
13611
13621
13623
13642
13656
13676
13697
13730
13754
13763
13771
13790
13822
13850
13855
13860
13864
13871
13896
13900
13902
13918
13921
13936
13939
13943
13948
13949
13950
13952
13970
13976
13977
13985
13993
14008
14020
14021
14022
14033
14035
14072
14097
14108
14126
14136
14140
14159
14161
14176
14187
14190
14214
14228
14254
14255
14258
14263
14314
14315
14321
14323
14326
14328
14345
14349
14422
14425
14447
14453
14483
14487
14492
14501
14508
14548
14558
14615
14620
14622
14631
14639
14647
14668
14672
14679
14709
14716
14717
14760
14772
14775
14782
14792
14801
14842
14932
14934
14950
14963
15015
15017
15023
15039
15040
15067
15995
15147
15177
15253
15280
15287
15291
15299
15309
15339
15349
15358
15359
15362
15368
15379
15387
15390
15410
15467
15477
15500
15561
15638
15639
15690
15709
15714
15748
15788
15791
15794
15801
15812
15821
15824
15867
15877
15882
15883
15927
15942
15946
16015
16042
16077
16082
16198
16291
16298
16308
16313
16334
16339
16368
16374
16379
16386
16411
16416
16423
16447
16477
16501
16512
16549
16573
16600
16614
16639
16640
16680
16684
16728
16758
16808
16819
16830
16846
16850
16875
16878
16888
16898
16901
16942
16972
17012
17043
17056
17077
17082
17094
17105
17142
17146
17147
17171
17180
17183
17191
17193
17208
17228
17235
17274
17287
17301
17312
17313
17327
17374
17388
17449
17456
17461
17545
17574
17604
17605
17609
17614
17633
17648
17680
17734
17735
17739
17750
17790
17791
17803
17889
17890
17911
17912
17923
17924
